[
  {
    "objectID": "index.html",
    "href": "index.html",
    "title": "Carly Neilson",
    "section": "",
    "text": "1 + 1\n\n[1] 2"
  },
  {
    "objectID": "index.html#hi-im-carly-and-im-an-undergraduate-student-interested-in-education-and-library-sciences.-im-from-key-west-florida.-i-love-to-read-cook-and-spend-time-outside.",
    "href": "index.html#hi-im-carly-and-im-an-undergraduate-student-interested-in-education-and-library-sciences.-im-from-key-west-florida.-i-love-to-read-cook-and-spend-time-outside.",
    "title": "Carly Neilson",
    "section": "Hi, I’m Carly and I’m an undergraduate student interested in education and library sciences. I’m from Key West, Florida. I love to read, cook, and spend time outside.",
    "text": "Hi, I’m Carly and I’m an undergraduate student interested in education and library sciences. I’m from Key West, Florida. I love to read, cook, and spend time outside."
  },
  {
    "objectID": "index.html#education",
    "href": "index.html#education",
    "title": "Carly Neilson",
    "section": "Education",
    "text": "Education\nThe George Washington University, 2019-2023\nB.A. English and Creative Writing with a double major in Journalism"
  },
  {
    "objectID": "index.html#skills",
    "href": "index.html#skills",
    "title": "Carly Neilson",
    "section": "Skills",
    "text": "Skills\nReporting, Editing, Poetry, Short Story Writing, Social Media"
  },
  {
    "objectID": "about.html",
    "href": "about.html",
    "title": "About",
    "section": "",
    "text": "About this site"
  },
  {
    "objectID": "portfolio.html#gw-hatchet-clips",
    "href": "portfolio.html#gw-hatchet-clips",
    "title": "Portfolio",
    "section": "GW Hatchet Clips",
    "text": "GW Hatchet Clips\nHere is a story I wrote for the Hatchet where I interviewed GW professors on their thoughts about returning to the physical classroom after the pandemic sparked online learning. Click this link\nIn this article I got the chance to preview Western Market in Foggy Bottom to give students a sneak peak of the new food vendors coming to campus. Click this link\nIn this obituary I remembered the life of a GW professor by interviewing to his former students and colleagues. Click this link"
  },
  {
    "objectID": "portfolio.html#published-poetry",
    "href": "portfolio.html#published-poetry",
    "title": "Portfolio",
    "section": "Published Poetry",
    "text": "Published Poetry\nHere is the link to a poem I wrote published in GW’s literary magazine Capitol Letters.\nHere is another link to some poems I wrote for a different issue of Capitol Letters."
  },
  {
    "objectID": "analysis walk through.html",
    "href": "analysis walk through.html",
    "title": "Analysis Walkthrough",
    "section": "",
    "text": "Here is an example of filtering and sorting in R Studio:\n\n\n#first we'll load our libraries\n#make sure to install the tidyverse if it's not already installed\nlibrary(tidyverse)\n\n── Attaching packages ─────────────────────────────────────── tidyverse 1.3.2 ──\n✔ ggplot2 3.3.6      ✔ purrr   0.3.4 \n✔ tibble  3.1.8      ✔ dplyr   1.0.10\n✔ tidyr   1.2.1      ✔ stringr 1.4.1 \n✔ readr   2.1.2      ✔ forcats 0.5.2 \n── Conflicts ────────────────────────────────────────── tidyverse_conflicts() ──\n✖ dplyr::filter() masks stats::filter()\n✖ dplyr::lag()    masks stats::lag()\n\nlibrary(lubridate)\n\n\nAttaching package: 'lubridate'\n\nThe following objects are masked from 'package:base':\n\n    date, intersect, setdiff, union\n\n\n\n# run this line below load the data for this assignment\n# we'll use a built-in dataset from the ggplot2 package (loaded as party of the tidyverse)\nhousesales <- ggplot2::txhousing\n\n\n# This dataset includes monthly housing sales by city in the state of texas from 2000-2015.\n# let's take a look at it\nhousesales\n\n# A tibble: 8,602 × 9\n   city     year month sales   volume median listings inventory  date\n   <chr>   <int> <int> <dbl>    <dbl>  <dbl>    <dbl>     <dbl> <dbl>\n 1 Abilene  2000     1    72  5380000  71400      701       6.3 2000 \n 2 Abilene  2000     2    98  6505000  58700      746       6.6 2000.\n 3 Abilene  2000     3   130  9285000  58100      784       6.8 2000.\n 4 Abilene  2000     4    98  9730000  68600      785       6.9 2000.\n 5 Abilene  2000     5   141 10590000  67300      794       6.8 2000.\n 6 Abilene  2000     6   156 13910000  66900      780       6.6 2000.\n 7 Abilene  2000     7   152 12635000  73500      742       6.2 2000.\n 8 Abilene  2000     8   131 10710000  75000      765       6.4 2001.\n 9 Abilene  2000     9   104  7615000  64500      771       6.5 2001.\n10 Abilene  2000    10   101  7040000  59300      764       6.6 2001.\n# … with 8,592 more rows\n\n\n\n# The column \"year\" indicates the year. Filter to return only results from 2015. \nhousesales %>%\n  filter(year == \"2015\")\n\n# A tibble: 322 × 9\n   city      year month sales   volume median listings inventory  date\n   <chr>    <int> <int> <dbl>    <dbl>  <dbl>    <dbl>     <dbl> <dbl>\n 1 Abilene   2015     1   158 23486998 134100      801       4.4 2015 \n 2 Abilene   2015     2   151 19834263 126500      767       4.1 2015.\n 3 Abilene   2015     3   198 31869437 136800      821       4.4 2015.\n 4 Abilene   2015     4   201 28301159 129600      891       4.7 2015.\n 5 Abilene   2015     5   199 31385757 144700      919       4.8 2015.\n 6 Abilene   2015     6   260 41396230 141500      965       5   2015.\n 7 Abilene   2015     7   268 45845730 148700      986       5   2016.\n 8 Amarillo  2015     1   204 33188726 138500     1120       4.3 2015 \n 9 Amarillo  2015     2   188 34355428 149400     1084       4.2 2015.\n10 Amarillo  2015     3   317 53603130 140900     1051       3.9 2015.\n# … with 312 more rows\n\n\n\n# Similar to the above question, filter results from 2010 onward, so 2010-2015.\n\nhousesales %>%\n  filter(year >= \"2010\")\n\n# A tibble: 3,082 × 9\n   city     year month sales   volume median listings inventory  date\n   <chr>   <int> <int> <dbl>    <dbl>  <dbl>    <dbl>     <dbl> <dbl>\n 1 Abilene  2010     1    73  9130783 112200      868       6.4 2010 \n 2 Abilene  2010     2    93 10372904  98300      830       6.1 2010.\n 3 Abilene  2010     3   133 16517713 114000      854       6.3 2010.\n 4 Abilene  2010     4   161 18788002 103600      859       6.3 2010.\n 5 Abilene  2010     5   200 22804393  99300      914       6.5 2010.\n 6 Abilene  2010     6   169 23216943 127900      932       6.7 2010.\n 7 Abilene  2010     7   159 22363123 127300      915       6.6 2010.\n 8 Abilene  2010     8   144 17504580 122000      936       6.7 2011.\n 9 Abilene  2010     9   116 15475763 121300      899       6.5 2011.\n10 Abilene  2010    10   111 14570529 111900      863       6.4 2011.\n# … with 3,072 more rows\n\n\n\n# The \"city\" column contains the relevant city. Filter to return only results for Houston\n# (note, remember R is case sensitive)\n\nhousesales %>%\n  filter(city == \"Houston\")\n\n# A tibble: 187 × 9\n   city     year month sales    volume median listings inventory  date\n   <chr>   <int> <int> <dbl>     <dbl>  <dbl>    <dbl>     <dbl> <dbl>\n 1 Houston  2000     1  2653 381805283 102500    16768       3.9 2000 \n 2 Houston  2000     2  3687 536456803 110300    16933       3.9 2000.\n 3 Houston  2000     3  4733 709112659 109500    17058       3.9 2000.\n 4 Houston  2000     4  4364 649712779 110800    17716       4.1 2000.\n 5 Houston  2000     5  5215 809459231 112700    18461       4.2 2000.\n 6 Houston  2000     6  5655 887396592 117900    18959       4.3 2000.\n 7 Houston  2000     7  5009 770284031 118300    19391       4.4 2000.\n 8 Houston  2000     8  5134 800032008 114600    19534       4.5 2001.\n 9 Houston  2000     9  4262 671716256 115900    19558       4.5 2001.\n10 Houston  2000    10  4068 621419904 112400    19752       4.5 2001.\n# … with 177 more rows\n\n\n\n# Filter for only where the city is Houston as above, and now also filter for only \n# the year 2010. The results should give you 12 records, one for each month in 2010 for Houston.\n\nhousesales %>%\n  filter(city == \"Houston\", year == \"2010\")\n\n# A tibble: 12 × 9\n   city     year month sales     volume median listings inventory  date\n   <chr>   <int> <int> <dbl>      <dbl>  <dbl>    <dbl>     <dbl> <dbl>\n 1 Houston  2010     1  2856  544338012 142300    31581       6.3 2010 \n 2 Houston  2010     2  3684  731357757 146500    32695       6.6 2010.\n 3 Houston  2010     3  5389 1116539769 152300    34880       6.9 2010.\n 4 Houston  2010     4  5932 1191105918 151800    34555       6.7 2010.\n 5 Houston  2010     5  6335 1289709166 152500    36724       7   2010.\n 6 Houston  2010     6  6117 1324315238 156800    39303       7.5 2010.\n 7 Houston  2010     7  4719 1028687548 157100    40409       7.9 2010.\n 8 Houston  2010     8  4691  994092936 156900    40154       8   2011.\n 9 Houston  2010     9  4355  915074585 153200    39159       7.9 2011.\n10 Houston  2010    10  4075  824541611 148400    38114       7.9 2011.\n11 Houston  2010    11  3924  842238262 150100    37031       7.8 2011.\n12 Houston  2010    12  4730 1028424811 157500    34971       7.4 2011.\n\n\n\n# Build on what you've done above. Filter for only where the city is Houston as above, \n# and the year is 2010. Now add a sort using arrange() to sort the results based on the number\n# of home sales (the \"sales\" column) from most to least.\n\nhousesales %>%\n  filter(city == \"Houston\", year == \"2010\") %>%\n  arrange(desc(sales))\n\n# A tibble: 12 × 9\n   city     year month sales     volume median listings inventory  date\n   <chr>   <int> <int> <dbl>      <dbl>  <dbl>    <dbl>     <dbl> <dbl>\n 1 Houston  2010     5  6335 1289709166 152500    36724       7   2010.\n 2 Houston  2010     6  6117 1324315238 156800    39303       7.5 2010.\n 3 Houston  2010     4  5932 1191105918 151800    34555       6.7 2010.\n 4 Houston  2010     3  5389 1116539769 152300    34880       6.9 2010.\n 5 Houston  2010    12  4730 1028424811 157500    34971       7.4 2011.\n 6 Houston  2010     7  4719 1028687548 157100    40409       7.9 2010.\n 7 Houston  2010     8  4691  994092936 156900    40154       8   2011.\n 8 Houston  2010     9  4355  915074585 153200    39159       7.9 2011.\n 9 Houston  2010    10  4075  824541611 148400    38114       7.9 2011.\n10 Houston  2010    11  3924  842238262 150100    37031       7.8 2011.\n11 Houston  2010     2  3684  731357757 146500    32695       6.6 2010.\n12 Houston  2010     1  2856  544338012 142300    31581       6.3 2010 \n\n\n\n# Piggyback on what you've done above. \n# Do the same as #5, only this time instead of Houston return records for Dallas\n\nhousesales %>%\n  filter(city == \"Dallas\", year == \"2010\") %>%\n  arrange(desc(sales))\n\n# A tibble: 12 × 9\n   city    year month sales     volume median listings inventory  date\n   <chr>  <int> <int> <dbl>      <dbl>  <dbl>    <dbl>     <dbl> <dbl>\n 1 Dallas  2010     5  4891 1025677623 161900    25680       6.4 2010.\n 2 Dallas  2010     4  4791 1005356810 160100    24290       6.2 2010.\n 3 Dallas  2010     6  4658 1055526309 166700    26812       6.7 2010.\n 4 Dallas  2010     3  4082  824662535 156800    24125       6.3 2010.\n 5 Dallas  2010     8  3476  738748272 164900    27346       7.2 2011.\n 6 Dallas  2010     7  3363  782294206 167800    27709       7.2 2010.\n 7 Dallas  2010    12  3215  743761990 161900    22557       6.4 2011.\n 8 Dallas  2010     9  3151  651529718 155200    26745       7.2 2011.\n 9 Dallas  2010    10  2977  606133350 154100    25688       7.1 2011.\n10 Dallas  2010    11  2795  608685059 154900    24254       6.8 2011.\n11 Dallas  2010     2  2774  548903564 149800    22991       6.1 2010.\n12 Dallas  2010     1  2210  420140118 140800    21825       5.7 2010 \n\n\n\n# Sometimes metrics like home sales have a seasonal quality to them, much like \n# retail sales. There are times of year that are naturally more active, and others where\n# it's slower.\n# That means sometimes you'll want to isolate the same time period across multiple years\n# to compare how it went based on similar times of year.\n# Let's do that here: we're going to look only for sales that happened in the month of JUNE.\n#\n# Filter for the city is Dallas, and the month is June (the number 6). \n\nhousesales %>%\n  filter(city == \"Dallas\", month == \"6\")\n\n# A tibble: 16 × 9\n   city    year month sales     volume median listings inventory  date\n   <chr>  <int> <int> <dbl>      <dbl>  <dbl>    <dbl>     <dbl> <dbl>\n 1 Dallas  2000     6  4738  846254912 138800    14392       3.8 2000.\n 2 Dallas  2001     6  5065  941310414 146300    18372       4.8 2001.\n 3 Dallas  2002     6  4423  817899695 148400    22043       5.6 2002.\n 4 Dallas  2003     6  4847  920352540 154000    27169       6.9 2003.\n 5 Dallas  2004     6  5511 1134082858 159300    28725       6.6 2004.\n 6 Dallas  2005     6  6416 1352136392 158900    28875       6.1 2005.\n 7 Dallas  2006     6  7117 1546598624 163400    30323       5.8 2006.\n 8 Dallas  2007     6  6207 1432055051 169100    33624       6.4 2007.\n 9 Dallas  2008     6  5180 1134394581 164400    30340       6.6 2008.\n10 Dallas  2009     6  4691 1001824336 166600    24677       6.5 2009.\n11 Dallas  2010     6  4658 1055526309 166700    26812       6.7 2010.\n12 Dallas  2011     6  4541 1009183879 165700    23968       7.2 2011.\n13 Dallas  2012     6  5196 1209024869 177900    17587       4.6 2012.\n14 Dallas  2013     6  5981 1593190134 202800    13339       2.9 2013.\n15 Dallas  2014     6  6309 1703805588 217100    12432       2.5 2014.\n16 Dallas  2015     6  6532 1960556658 242300    11014       2.2 2015.\n\n\n\n# Build on what we've done above. Now that we have June numbers for Dallas for every year,\n# arrange the results by sales from highest-to-lowest to show what year had the highest June sales.\n\n\nhousesales %>%\n  filter(city == \"Dallas\", month == \"6\") %>%\n  arrange(desc(sales))\n\n# A tibble: 16 × 9\n   city    year month sales     volume median listings inventory  date\n   <chr>  <int> <int> <dbl>      <dbl>  <dbl>    <dbl>     <dbl> <dbl>\n 1 Dallas  2006     6  7117 1546598624 163400    30323       5.8 2006.\n 2 Dallas  2015     6  6532 1960556658 242300    11014       2.2 2015.\n 3 Dallas  2005     6  6416 1352136392 158900    28875       6.1 2005.\n 4 Dallas  2014     6  6309 1703805588 217100    12432       2.5 2014.\n 5 Dallas  2007     6  6207 1432055051 169100    33624       6.4 2007.\n 6 Dallas  2013     6  5981 1593190134 202800    13339       2.9 2013.\n 7 Dallas  2004     6  5511 1134082858 159300    28725       6.6 2004.\n 8 Dallas  2012     6  5196 1209024869 177900    17587       4.6 2012.\n 9 Dallas  2008     6  5180 1134394581 164400    30340       6.6 2008.\n10 Dallas  2001     6  5065  941310414 146300    18372       4.8 2001.\n11 Dallas  2003     6  4847  920352540 154000    27169       6.9 2003.\n12 Dallas  2000     6  4738  846254912 138800    14392       3.8 2000.\n13 Dallas  2009     6  4691 1001824336 166600    24677       6.5 2009.\n14 Dallas  2010     6  4658 1055526309 166700    26812       6.7 2010.\n15 Dallas  2011     6  4541 1009183879 165700    23968       7.2 2011.\n16 Dallas  2002     6  4423  817899695 148400    22043       5.6 2002.\n\n\n\n# Now do the same as Question 8, but this time instead of Dallas, show results for Corpus Christi\n\n\nhousesales %>%\n  filter(city == \"Corpus Christi\", month == \"6\") %>%\n  arrange(desc(sales))\n\n# A tibble: 16 × 9\n   city            year month sales    volume median listings inventory  date\n   <chr>          <int> <int> <dbl>     <dbl>  <dbl>    <dbl>     <dbl> <dbl>\n 1 Corpus Christi  2006     6   565  88945000 136300     2727       6.3 2006.\n 2 Corpus Christi  2005     6   527  81105000 129300     1783       4.5 2005.\n 3 Corpus Christi  2015     6   493 104904076 189600     2133       5.4 2015.\n 4 Corpus Christi  2014     6   483  95154634 170800     1948       5.1 2014.\n 5 Corpus Christi  2004     6   468  65745000 118600     1751       4.6 2004.\n 6 Corpus Christi  2013     6   454  84759840 160500     1901       5.2 2013.\n 7 Corpus Christi  2012     6   437  77838239 144600     2095       6.6 2012.\n 8 Corpus Christi  2007     6   433  72881251 143200     2425       6   2007.\n 9 Corpus Christi  2003     6   400  52690000 107000     1664       5.1 2003.\n10 Corpus Christi  2008     6   393  65130000 143500     3150       9.1 2008.\n11 Corpus Christi  2001     6   384  42100000  91200     2482       8.4 2001.\n12 Corpus Christi  2009     6   372  59297003 140000     2967      10.4 2009.\n13 Corpus Christi  2010     6   361  56136687 143000     3085      10.5 2010.\n14 Corpus Christi  2011     6   347  54172618 139700     2904      10.7 2011.\n15 Corpus Christi  2000     6   339  37750000  93600     2632       9.6 2000.\n16 Corpus Christi  2002     6   332  38020000  95800     1467       5   2002.\n\n\n\n# Finally, using the Corpus Christi code from Question 9, instead of June\n# use the month of February (2) instead.\n\nhousesales %>%\n  filter(city == \"Corpus Christi\", month == \"2\") %>%\n  arrange(desc(sales))\n\n# A tibble: 16 × 9\n   city            year month sales   volume median listings inventory  date\n   <chr>          <int> <int> <dbl>    <dbl>  <dbl>    <dbl>     <dbl> <dbl>\n 1 Corpus Christi  2006     2   377 58390000 125600     2193       5.3 2006.\n 2 Corpus Christi  2007     2   358 52133866 122000     2781       6.4 2007.\n 3 Corpus Christi  2005     2   336 48375000 120000     2440       6.1 2005.\n 4 Corpus Christi  2014     2   322 61363819 168600     1764       4.6 2014.\n 5 Corpus Christi  2004     2   320 38180000  98900     1712       4.8 2004.\n 6 Corpus Christi  2015     2   308 63256153 174500     1861       4.8 2015.\n 7 Corpus Christi  2003     2   294 32970000  93300     1503       4.8 2003.\n 8 Corpus Christi  2013     2   289 48134035 140400     2004       5.8 2013.\n 9 Corpus Christi  2008     2   284 45098053 136700     3007       8.2 2008.\n10 Corpus Christi  2001     2   277 29210000  85300     2524       8.6 2001.\n11 Corpus Christi  2002     2   271 29555000  91300     1531       5.2 2002.\n12 Corpus Christi  2012     2   261 41689138 137900     2209       7.6 2012.\n13 Corpus Christi  2009     2   235 34090000 133800     2842       9.3 2009.\n14 Corpus Christi  2010     2   231 32738198 119700     2768       9.7 2010.\n15 Corpus Christi  2000     2   219 20240000  78700     2534       9.4 2000.\n16 Corpus Christi  2011     2   181 27313203 143900     2814       9.9 2011."
  },
  {
    "objectID": "analysis walk through.html#here-is-an-example-of-filtering-and-sorting-in-r-studio",
    "href": "analysis walk through.html#here-is-an-example-of-filtering-and-sorting-in-r-studio",
    "title": "Analysis Walkthrough",
    "section": "# Here is an example of filtering and sorting in R Studio:",
    "text": "# Here is an example of filtering and sorting in R Studio:\n\n#first we'll load our libraries\n#make sure to install the tidyverse if it's not already installed\nlibrary(tidyverse)\n\n── Attaching packages ─────────────────────────────────────── tidyverse 1.3.2 ──\n✔ ggplot2 3.3.6      ✔ purrr   0.3.4 \n✔ tibble  3.1.8      ✔ dplyr   1.0.10\n✔ tidyr   1.2.1      ✔ stringr 1.4.1 \n✔ readr   2.1.2      ✔ forcats 0.5.2 \n── Conflicts ────────────────────────────────────────── tidyverse_conflicts() ──\n✖ dplyr::filter() masks stats::filter()\n✖ dplyr::lag()    masks stats::lag()\n\nlibrary(lubridate)\n\n\nAttaching package: 'lubridate'\n\nThe following objects are masked from 'package:base':\n\n    date, intersect, setdiff, union\n\n\n\n# run this line below load the data for this assignment\n# we'll use a built-in dataset from the ggplot2 package (loaded as party of the tidyverse)\nhousesales <- ggplot2::txhousing\n\n\n# This dataset includes monthly housing sales by city in the state of texas from 2000-2015.\n# let's take a look at it\nhousesales\n\n# A tibble: 8,602 × 9\n   city     year month sales   volume median listings inventory  date\n   <chr>   <int> <int> <dbl>    <dbl>  <dbl>    <dbl>     <dbl> <dbl>\n 1 Abilene  2000     1    72  5380000  71400      701       6.3 2000 \n 2 Abilene  2000     2    98  6505000  58700      746       6.6 2000.\n 3 Abilene  2000     3   130  9285000  58100      784       6.8 2000.\n 4 Abilene  2000     4    98  9730000  68600      785       6.9 2000.\n 5 Abilene  2000     5   141 10590000  67300      794       6.8 2000.\n 6 Abilene  2000     6   156 13910000  66900      780       6.6 2000.\n 7 Abilene  2000     7   152 12635000  73500      742       6.2 2000.\n 8 Abilene  2000     8   131 10710000  75000      765       6.4 2001.\n 9 Abilene  2000     9   104  7615000  64500      771       6.5 2001.\n10 Abilene  2000    10   101  7040000  59300      764       6.6 2001.\n# … with 8,592 more rows\n\n\n\n# The column \"year\" indicates the year. Filter to return only results from 2015. \nhousesales %>%\n  filter(year == \"2015\")\n\n# A tibble: 322 × 9\n   city      year month sales   volume median listings inventory  date\n   <chr>    <int> <int> <dbl>    <dbl>  <dbl>    <dbl>     <dbl> <dbl>\n 1 Abilene   2015     1   158 23486998 134100      801       4.4 2015 \n 2 Abilene   2015     2   151 19834263 126500      767       4.1 2015.\n 3 Abilene   2015     3   198 31869437 136800      821       4.4 2015.\n 4 Abilene   2015     4   201 28301159 129600      891       4.7 2015.\n 5 Abilene   2015     5   199 31385757 144700      919       4.8 2015.\n 6 Abilene   2015     6   260 41396230 141500      965       5   2015.\n 7 Abilene   2015     7   268 45845730 148700      986       5   2016.\n 8 Amarillo  2015     1   204 33188726 138500     1120       4.3 2015 \n 9 Amarillo  2015     2   188 34355428 149400     1084       4.2 2015.\n10 Amarillo  2015     3   317 53603130 140900     1051       3.9 2015.\n# … with 312 more rows\n\n\n\n# Similar to the above question, filter results from 2010 onward, so 2010-2015.\n\nhousesales %>%\n  filter(year >= \"2010\")\n\n# A tibble: 3,082 × 9\n   city     year month sales   volume median listings inventory  date\n   <chr>   <int> <int> <dbl>    <dbl>  <dbl>    <dbl>     <dbl> <dbl>\n 1 Abilene  2010     1    73  9130783 112200      868       6.4 2010 \n 2 Abilene  2010     2    93 10372904  98300      830       6.1 2010.\n 3 Abilene  2010     3   133 16517713 114000      854       6.3 2010.\n 4 Abilene  2010     4   161 18788002 103600      859       6.3 2010.\n 5 Abilene  2010     5   200 22804393  99300      914       6.5 2010.\n 6 Abilene  2010     6   169 23216943 127900      932       6.7 2010.\n 7 Abilene  2010     7   159 22363123 127300      915       6.6 2010.\n 8 Abilene  2010     8   144 17504580 122000      936       6.7 2011.\n 9 Abilene  2010     9   116 15475763 121300      899       6.5 2011.\n10 Abilene  2010    10   111 14570529 111900      863       6.4 2011.\n# … with 3,072 more rows\n\n\n\n# The \"city\" column contains the relevant city. Filter to return only results for Houston\n# (note, remember R is case sensitive)\n\nhousesales %>%\n  filter(city == \"Houston\")\n\n# A tibble: 187 × 9\n   city     year month sales    volume median listings inventory  date\n   <chr>   <int> <int> <dbl>     <dbl>  <dbl>    <dbl>     <dbl> <dbl>\n 1 Houston  2000     1  2653 381805283 102500    16768       3.9 2000 \n 2 Houston  2000     2  3687 536456803 110300    16933       3.9 2000.\n 3 Houston  2000     3  4733 709112659 109500    17058       3.9 2000.\n 4 Houston  2000     4  4364 649712779 110800    17716       4.1 2000.\n 5 Houston  2000     5  5215 809459231 112700    18461       4.2 2000.\n 6 Houston  2000     6  5655 887396592 117900    18959       4.3 2000.\n 7 Houston  2000     7  5009 770284031 118300    19391       4.4 2000.\n 8 Houston  2000     8  5134 800032008 114600    19534       4.5 2001.\n 9 Houston  2000     9  4262 671716256 115900    19558       4.5 2001.\n10 Houston  2000    10  4068 621419904 112400    19752       4.5 2001.\n# … with 177 more rows\n\n\n\n# Filter for only where the city is Houston as above, and now also filter for only \n# the year 2010. The results should give you 12 records, one for each month in 2010 for Houston.\n\nhousesales %>%\n  filter(city == \"Houston\", year == \"2010\")\n\n# A tibble: 12 × 9\n   city     year month sales     volume median listings inventory  date\n   <chr>   <int> <int> <dbl>      <dbl>  <dbl>    <dbl>     <dbl> <dbl>\n 1 Houston  2010     1  2856  544338012 142300    31581       6.3 2010 \n 2 Houston  2010     2  3684  731357757 146500    32695       6.6 2010.\n 3 Houston  2010     3  5389 1116539769 152300    34880       6.9 2010.\n 4 Houston  2010     4  5932 1191105918 151800    34555       6.7 2010.\n 5 Houston  2010     5  6335 1289709166 152500    36724       7   2010.\n 6 Houston  2010     6  6117 1324315238 156800    39303       7.5 2010.\n 7 Houston  2010     7  4719 1028687548 157100    40409       7.9 2010.\n 8 Houston  2010     8  4691  994092936 156900    40154       8   2011.\n 9 Houston  2010     9  4355  915074585 153200    39159       7.9 2011.\n10 Houston  2010    10  4075  824541611 148400    38114       7.9 2011.\n11 Houston  2010    11  3924  842238262 150100    37031       7.8 2011.\n12 Houston  2010    12  4730 1028424811 157500    34971       7.4 2011.\n\n\n\n# Build on what you've done above. Filter for only where the city is Houston as above, \n# and the year is 2010. Now add a sort using arrange() to sort the results based on the number\n# of home sales (the \"sales\" column) from most to least.\n\nhousesales %>%\n  filter(city == \"Houston\", year == \"2010\") %>%\n  arrange(desc(sales))\n\n# A tibble: 12 × 9\n   city     year month sales     volume median listings inventory  date\n   <chr>   <int> <int> <dbl>      <dbl>  <dbl>    <dbl>     <dbl> <dbl>\n 1 Houston  2010     5  6335 1289709166 152500    36724       7   2010.\n 2 Houston  2010     6  6117 1324315238 156800    39303       7.5 2010.\n 3 Houston  2010     4  5932 1191105918 151800    34555       6.7 2010.\n 4 Houston  2010     3  5389 1116539769 152300    34880       6.9 2010.\n 5 Houston  2010    12  4730 1028424811 157500    34971       7.4 2011.\n 6 Houston  2010     7  4719 1028687548 157100    40409       7.9 2010.\n 7 Houston  2010     8  4691  994092936 156900    40154       8   2011.\n 8 Houston  2010     9  4355  915074585 153200    39159       7.9 2011.\n 9 Houston  2010    10  4075  824541611 148400    38114       7.9 2011.\n10 Houston  2010    11  3924  842238262 150100    37031       7.8 2011.\n11 Houston  2010     2  3684  731357757 146500    32695       6.6 2010.\n12 Houston  2010     1  2856  544338012 142300    31581       6.3 2010 \n\n\n\n# Piggyback on what you've done above. \n# Do the same as #5, only this time instead of Houston return records for Dallas\n\nhousesales %>%\n  filter(city == \"Dallas\", year == \"2010\") %>%\n  arrange(desc(sales))\n\n# A tibble: 12 × 9\n   city    year month sales     volume median listings inventory  date\n   <chr>  <int> <int> <dbl>      <dbl>  <dbl>    <dbl>     <dbl> <dbl>\n 1 Dallas  2010     5  4891 1025677623 161900    25680       6.4 2010.\n 2 Dallas  2010     4  4791 1005356810 160100    24290       6.2 2010.\n 3 Dallas  2010     6  4658 1055526309 166700    26812       6.7 2010.\n 4 Dallas  2010     3  4082  824662535 156800    24125       6.3 2010.\n 5 Dallas  2010     8  3476  738748272 164900    27346       7.2 2011.\n 6 Dallas  2010     7  3363  782294206 167800    27709       7.2 2010.\n 7 Dallas  2010    12  3215  743761990 161900    22557       6.4 2011.\n 8 Dallas  2010     9  3151  651529718 155200    26745       7.2 2011.\n 9 Dallas  2010    10  2977  606133350 154100    25688       7.1 2011.\n10 Dallas  2010    11  2795  608685059 154900    24254       6.8 2011.\n11 Dallas  2010     2  2774  548903564 149800    22991       6.1 2010.\n12 Dallas  2010     1  2210  420140118 140800    21825       5.7 2010 \n\n\n\n# Sometimes metrics like home sales have a seasonal quality to them, much like \n# retail sales. There are times of year that are naturally more active, and others where\n# it's slower.\n# That means sometimes you'll want to isolate the same time period across multiple years\n# to compare how it went based on similar times of year.\n# Let's do that here: we're going to look only for sales that happened in the month of JUNE.\n#\n# Filter for the city is Dallas, and the month is June (the number 6). \n\nhousesales %>%\n  filter(city == \"Dallas\", month == \"6\")\n\n# A tibble: 16 × 9\n   city    year month sales     volume median listings inventory  date\n   <chr>  <int> <int> <dbl>      <dbl>  <dbl>    <dbl>     <dbl> <dbl>\n 1 Dallas  2000     6  4738  846254912 138800    14392       3.8 2000.\n 2 Dallas  2001     6  5065  941310414 146300    18372       4.8 2001.\n 3 Dallas  2002     6  4423  817899695 148400    22043       5.6 2002.\n 4 Dallas  2003     6  4847  920352540 154000    27169       6.9 2003.\n 5 Dallas  2004     6  5511 1134082858 159300    28725       6.6 2004.\n 6 Dallas  2005     6  6416 1352136392 158900    28875       6.1 2005.\n 7 Dallas  2006     6  7117 1546598624 163400    30323       5.8 2006.\n 8 Dallas  2007     6  6207 1432055051 169100    33624       6.4 2007.\n 9 Dallas  2008     6  5180 1134394581 164400    30340       6.6 2008.\n10 Dallas  2009     6  4691 1001824336 166600    24677       6.5 2009.\n11 Dallas  2010     6  4658 1055526309 166700    26812       6.7 2010.\n12 Dallas  2011     6  4541 1009183879 165700    23968       7.2 2011.\n13 Dallas  2012     6  5196 1209024869 177900    17587       4.6 2012.\n14 Dallas  2013     6  5981 1593190134 202800    13339       2.9 2013.\n15 Dallas  2014     6  6309 1703805588 217100    12432       2.5 2014.\n16 Dallas  2015     6  6532 1960556658 242300    11014       2.2 2015.\n\n\n\n# Build on what we've done above. Now that we have June numbers for Dallas for every year,\n# arrange the results by sales from highest-to-lowest to show what year had the highest June sales.\n\n\nhousesales %>%\n  filter(city == \"Dallas\", month == \"6\") %>%\n  arrange(desc(sales))\n\n# A tibble: 16 × 9\n   city    year month sales     volume median listings inventory  date\n   <chr>  <int> <int> <dbl>      <dbl>  <dbl>    <dbl>     <dbl> <dbl>\n 1 Dallas  2006     6  7117 1546598624 163400    30323       5.8 2006.\n 2 Dallas  2015     6  6532 1960556658 242300    11014       2.2 2015.\n 3 Dallas  2005     6  6416 1352136392 158900    28875       6.1 2005.\n 4 Dallas  2014     6  6309 1703805588 217100    12432       2.5 2014.\n 5 Dallas  2007     6  6207 1432055051 169100    33624       6.4 2007.\n 6 Dallas  2013     6  5981 1593190134 202800    13339       2.9 2013.\n 7 Dallas  2004     6  5511 1134082858 159300    28725       6.6 2004.\n 8 Dallas  2012     6  5196 1209024869 177900    17587       4.6 2012.\n 9 Dallas  2008     6  5180 1134394581 164400    30340       6.6 2008.\n10 Dallas  2001     6  5065  941310414 146300    18372       4.8 2001.\n11 Dallas  2003     6  4847  920352540 154000    27169       6.9 2003.\n12 Dallas  2000     6  4738  846254912 138800    14392       3.8 2000.\n13 Dallas  2009     6  4691 1001824336 166600    24677       6.5 2009.\n14 Dallas  2010     6  4658 1055526309 166700    26812       6.7 2010.\n15 Dallas  2011     6  4541 1009183879 165700    23968       7.2 2011.\n16 Dallas  2002     6  4423  817899695 148400    22043       5.6 2002.\n\n\n\n# Now do the same as Question 8, but this time instead of Dallas, show results for Corpus Christi\n\n\nhousesales %>%\n  filter(city == \"Corpus Christi\", month == \"6\") %>%\n  arrange(desc(sales))\n\n# A tibble: 16 × 9\n   city            year month sales    volume median listings inventory  date\n   <chr>          <int> <int> <dbl>     <dbl>  <dbl>    <dbl>     <dbl> <dbl>\n 1 Corpus Christi  2006     6   565  88945000 136300     2727       6.3 2006.\n 2 Corpus Christi  2005     6   527  81105000 129300     1783       4.5 2005.\n 3 Corpus Christi  2015     6   493 104904076 189600     2133       5.4 2015.\n 4 Corpus Christi  2014     6   483  95154634 170800     1948       5.1 2014.\n 5 Corpus Christi  2004     6   468  65745000 118600     1751       4.6 2004.\n 6 Corpus Christi  2013     6   454  84759840 160500     1901       5.2 2013.\n 7 Corpus Christi  2012     6   437  77838239 144600     2095       6.6 2012.\n 8 Corpus Christi  2007     6   433  72881251 143200     2425       6   2007.\n 9 Corpus Christi  2003     6   400  52690000 107000     1664       5.1 2003.\n10 Corpus Christi  2008     6   393  65130000 143500     3150       9.1 2008.\n11 Corpus Christi  2001     6   384  42100000  91200     2482       8.4 2001.\n12 Corpus Christi  2009     6   372  59297003 140000     2967      10.4 2009.\n13 Corpus Christi  2010     6   361  56136687 143000     3085      10.5 2010.\n14 Corpus Christi  2011     6   347  54172618 139700     2904      10.7 2011.\n15 Corpus Christi  2000     6   339  37750000  93600     2632       9.6 2000.\n16 Corpus Christi  2002     6   332  38020000  95800     1467       5   2002.\n\n\n\n# Finally, using the Corpus Christi code from Question 9, instead of June\n# use the month of February (2) instead.\n\nhousesales %>%\n  filter(city == \"Corpus Christi\", month == \"2\") %>%\n  arrange(desc(sales))\n\n# A tibble: 16 × 9\n   city            year month sales   volume median listings inventory  date\n   <chr>          <int> <int> <dbl>    <dbl>  <dbl>    <dbl>     <dbl> <dbl>\n 1 Corpus Christi  2006     2   377 58390000 125600     2193       5.3 2006.\n 2 Corpus Christi  2007     2   358 52133866 122000     2781       6.4 2007.\n 3 Corpus Christi  2005     2   336 48375000 120000     2440       6.1 2005.\n 4 Corpus Christi  2014     2   322 61363819 168600     1764       4.6 2014.\n 5 Corpus Christi  2004     2   320 38180000  98900     1712       4.8 2004.\n 6 Corpus Christi  2015     2   308 63256153 174500     1861       4.8 2015.\n 7 Corpus Christi  2003     2   294 32970000  93300     1503       4.8 2003.\n 8 Corpus Christi  2013     2   289 48134035 140400     2004       5.8 2013.\n 9 Corpus Christi  2008     2   284 45098053 136700     3007       8.2 2008.\n10 Corpus Christi  2001     2   277 29210000  85300     2524       8.6 2001.\n11 Corpus Christi  2002     2   271 29555000  91300     1531       5.2 2002.\n12 Corpus Christi  2012     2   261 41689138 137900     2209       7.6 2012.\n13 Corpus Christi  2009     2   235 34090000 133800     2842       9.3 2009.\n14 Corpus Christi  2010     2   231 32738198 119700     2768       9.7 2010.\n15 Corpus Christi  2000     2   219 20240000  78700     2534       9.4 2000.\n16 Corpus Christi  2011     2   181 27313203 143900     2814       9.9 2011."
  }
]